,price,total_floor,area_size,elevator,date_on_market,last_transact_date,bedrm_no,parlour_no,kitchen_no,toilet_no,stair,unit,proportion,mid_floor,higher_floor,duplex_config,levelling_config,split_level_config,diepin,talou,pingfang,bantajiehe,banlou,dudong,lianpai,south,west,north,northeast,southeast,northwest,southwest,frame_struct,mixed_struct,brickwood_struct,brickmix_struct,steelmix_struct,steel_struct,maopei,jianzhuang,jingzhuang,public_housing,commercial_housing,office,n_linong,o_linong,residential,apartment,garden_house,beyong_two,beyond_five,shared,uploaded,central_outer,inner,inner_central,after_work,call_agent,only_weekend,reservation,baoshan,changning,chongming,fengxian,hongkou,huangpu,jiading,jingan,jinshan,minhang,pudong,putuo,qingpu,songjiang,xuhui,log_price
price,1.0,0.2969531878115419,0.7240131058412255,0.2464462481019261,0.054074688050197425,0.09653977678676881,0.5227828642550939,0.41271466035134163,0.0907986641981291,0.5778029457887613,0.08665977152722437,-0.17948594411796484,0.370665764454296,-0.029407423679830548,-0.10128403555804927,0.2415023393327994,-0.08483302412646487,0.050134175492017076,0.051200947801940705,0.0026299537476637013,-0.012355532245820342,0.05703808284687197,-0.04867705364968128,0.19420561477835085,0.05590550873920885,0.053209653885416944,0.02011777016817208,0.047182581882552775,0.002656764609001837,0.0351930622564071,-0.001696838342810247,0.05366009004003339,0.043151696725585,-0.018384877335010437,-0.010400990165613142,-0.24202972977295417,0.248338635209212,-0.009551744204115498,-0.06393899431303188,-0.11583662969002081,0.1698897839772418,-0.02926456794429594,0.09551796381101722,-0.12801858061647373,0.003281495964945146,0.05342928554830523,0.07897619807982793,0.0006798611537835902,0.0008010357099875947,-0.060904777659059904,0.07757215763131149,0.026260316642884637,0.06570749639442518,0.013759471934137995,0.23389854899867557,0.08754588394415333,-0.010867159401039862,-0.018127201533948704,0.08992949803804653,-0.0400371489449606,-0.06880733583739208,0.060889568418534906,-0.11246200009890173,-0.11057638246113509,0.02713349133781947,0.12565075965991362,-0.14668105877174087,0.12680862158048878,-0.11898389389162917,0.06358408330002678,0.049688365306086925,0.01061814324518619,-0.048606457405306926,-0.04163821466754252,0.05459852178293713,0.8643414193801098
total_floor,0.2969531878115419,1.0,0.18874693082016678,0.7608420923477892,0.08065312247561304,-0.10931307190609335,0.07086787961801233,0.17633726215675125,-0.02398910906663924,0.11199163231283128,0.6503074327303766,0.2927377711336421,0.09261078155501823,0.02054262020686919,-0.2094181090373334,-0.0479055758813366,-0.16839007106335066,0.00911711769423026,-0.019937067739756408,0.4982255042908747,0.0019283118691332572,0.17967487806313923,-0.5047047765880125,-0.0355038821071974,-0.04023183620706111,-0.2625817750476174,0.12088403163651691,-0.0012940348162713575,0.08575077468695504,0.11160335390784061,0.08295020279571702,0.15899976555122164,0.048898776801450765,-0.047908651335197616,-0.014299768608644908,-0.5467615757180484,0.5454090706802674,0.02640655915114928,-0.0008413565248448129,-0.17735129775003763,0.15490076349989657,-0.05684589847192362,-0.037706562320341835,0.30592897082508863,-0.019254442586331813,-0.008202492109147102,-0.2780495460009229,-0.010166992558351262,-0.013289465684449999,0.03950432908164088,-0.08482161521390283,-0.05320754800305613,-0.15320416886084867,-0.14163758629310835,0.23327967303224176,-0.05489759465329406,-0.026536129486709015,0.016864273779332473,0.006447408946840761,-0.049421889389959374,-0.039426945086797366,0.008214069975813816,-0.0887940580973154,-0.02333488934872924,0.05553178568034205,0.1198666689227469,0.04184207751612591,0.12150890107119047,-0.03059660239165468,-0.1058168338115372,-0.03604121235916521,0.04020509416201269,0.0663586417586711,0.053354794192293206,-0.030610661426218183,0.24612294061309214
area_size,0.7240131058412255,0.18874693082016678,1.0,0.25058124713400615,0.11775006713637952,0.0374763892165844,0.7584240593528521,0.6050307333953153,0.12402238008408234,0.7300224291571707,0.04772329859682108,-0.19949001623268606,0.46038797545987986,-0.052866466824624384,-0.09266537180854195,0.34730332082379894,-0.18240319779468575,0.048565650788194525,0.07249930355300413,-0.03816665994008717,-0.010863564619276789,0.009247782863413462,-0.031955603960941985,0.22429080596672882,0.15101665812910747,0.1068878880742367,-0.0023562794127332345,0.10185834490561883,-0.011284801754367538,-0.008237703624026186,-0.017472167374215333,0.003982553884692179,0.032573207682836565,-0.030958980620560465,-0.014328467603937498,-0.35289199759198336,0.3448808004615562,-0.008238605791015192,0.05942730267385342,-0.11843344295455478,0.0998713605311452,-0.05913738636464334,0.026373346176724256,-0.07130398396500459,-0.011347065378063922,0.021083293501516845,0.0032663049362774855,-0.00593627525373056,0.01902890242312511,-0.03284957542928777,0.05154578301376127,0.04669959529949162,0.03346597985268658,-0.05590505232824011,-0.03931556155388311,-0.09868500034667287,-0.011407014125166504,-0.013838666151827992,0.045520283360205485,0.016665606580955894,0.011568475874906026,-0.04954261816595418,0.043366528087283,0.0788571870580982,-0.01616129582137093,0.02058335881130951,-0.03365889998932648,-0.01992808617561138,0.046060864548048704,0.048030073562947535,0.0598858771560387,-0.048886537661790845,0.04699160064745428,0.09955193806707928,-0.09656065691247462,0.5935422772928277
elevator,0.2464462481019261,0.7608420923477892,0.25058124713400615,1.0,0.10836670068048637,-0.1652061963916418,0.13515057393286795,0.2768623717914956,-0.01762349967805139,0.16361745104424275,0.5601570398632016,0.3388892258873732,0.10088451197869226,0.04522968096142499,-0.2964265649346345,-0.017839976475646536,-0.20578310676110664,0.02300295830765102,0.011826736995674162,0.4003612462920385,0.013941340946746466,0.10877479015747758,-0.41847600503801563,0.013546219515503046,0.022155063326468938,-0.2076884824095023,0.09476488074064929,0.048636222663650336,0.06551381932605385,0.06592234693756217,0.05508855331247744,0.08488587838123042,0.041100550832402126,-0.05686784497549381,-0.016472098253690063,-0.6906129649716067,0.6827954831005794,0.013257754109171177,0.05203591668144814,-0.23403914621428953,0.1788637521730211,-0.0687994711454749,-0.0910713624794283,0.3256469097312061,-0.019750097055627205,-0.006224990908887473,-0.3181313747226422,-0.005539343636256286,-0.0055108702520976225,0.07311445570342882,-0.10654007483179379,-0.04154967916213739,-0.17137740973621313,-0.15690642855457682,0.057690094362052066,-0.12736328981988684,-0.024223128698283056,0.0242092157391786,0.001928571076239565,-0.0327390607398399,-0.0022726967093744436,-0.025102191663769865,-0.0559996571970263,0.007687513529332123,0.009889125262957172,0.05565025987448712,0.09147702384168865,0.016236105480544594,-0.02915364023816181,-0.047182319791933575,-0.027079471780051628,-0.03413047419400793,0.12016622939316418,0.1773478364944656,-0.08706395689313777,0.19067765445095647
date_on_market,0.054074688050197425,0.08065312247561304,0.11775006713637952,0.10836670068048637,1.0,0.013031316780858506,0.060426322285139555,0.04484658437328363,-0.021651044811613757,0.09378839274962668,0.13761499089863244,0.18708397832368814,-0.036926144343801495,-0.007933757774989968,-0.033522460428258016,0.06804674496255368,-0.17689050741355256,-4.480906308536424e-05,0.010278297000199136,0.12069269548059064,0.00580817032645235,0.026589810172117253,-0.13080763887061206,0.053692626210452093,0.048279179262829486,-0.14717090177058662,0.057504406326714066,0.02425021674331378,0.024837668640544146,0.01910187842414135,0.03755064276558518,0.012859895017400471,0.014687899935467917,-0.004570390462441716,-0.0018211541912951878,-0.1202659364864774,0.1144149412324808,0.008800681310801129,0.023256373235698333,-0.03997726988388944,0.015703261026099112,0.0038485558606948713,0.037736944700144257,0.23147099555829373,0.028320781265173147,0.00998097196498619,-0.2458067555996428,0.008894143455447324,0.014562168801211422,-0.012457531839743697,-0.0356261838212187,-0.05670154208572153,-0.19761148135355933,-0.07505298053717328,0.07059885236200669,-0.027590433378029525,-0.020547535671626583,0.16951251602300563,-0.007952336199658454,-0.019950285852470363,0.009824954023786548,-0.0008490710695576718,0.01629619429857352,0.03765724229164561,0.026692253685325608,0.06527364133156238,0.029146150004633303,0.011021334084928022,0.07640133228276659,-0.0702860766573195,0.008431371204391122,-0.022931170981691302,0.0014036824097221363,-0.021324560441037557,-0.0052141216185496815,-0.025893060689305133
last_transact_date,0.09653977678676881,-0.10931307190609335,0.0374763892165844,-0.1652061963916418,0.013031316780858506,1.0,0.06411219944681248,0.013052068383255996,-0.004665260500227909,0.010292810424132768,-0.13040402786772728,-0.12034623479306557,0.003988186988402071,-0.01016844629225876,0.06745238213892553,0.029334258412244064,0.08559297879347272,0.017180380429379527,-0.01224946047513659,-0.010184684040928324,-0.018872613097028673,-0.026044152068977557,0.045919885919628485,-0.005773929203583053,-0.010695478930461763,0.05162748972695924,-0.01059113727336075,-0.016106429999938943,-0.014966801084558523,0.01337091914009234,-0.008744944517181172,0.014349264231056952,-0.01562235402143312,0.0024756541410006416,0.003248538041643001,0.13133788634999602,-0.11473890105311503,0.0005990340661465392,-0.08345517378827072,0.18684525581577738,-0.12624133264387544,-0.02293142439804054,0.12439076212520898,-0.15255454025721218,0.039200140121464784,-0.003456094066252331,0.14797833694107096,0.004835408501449501,-0.007816139224209049,-0.37618797281702104,0.5401940373231382,0.03192931180914702,0.0636132654244902,0.062150753031794646,0.059515115723894056,0.08250546058043232,-0.0038921507320228165,-0.0036095217614107206,0.006272899538147059,0.026882646689150618,-0.028403830071706274,0.05136966035324772,-0.03642117497301007,-0.015272400060918071,0.028508498126293462,0.011399037909947706,-0.08191978986106734,0.025910448802908166,-0.005434726906728077,0.05973090277610042,-0.019634457912031972,0.04320506286896636,-0.1035384178430333,-0.07081737344099989,0.04013718216883823,0.16003614209083203
bedrm_no,0.5227828642550939,0.07086787961801233,0.7584240593528521,0.13515057393286795,0.060426322285139555,0.06411219944681248,1.0,0.5580510526913843,0.1348630650476379,0.6477148245660403,-0.0521599779481206,-0.23869156094303365,0.41652588665367607,-0.06858288490354378,-0.017164973733357788,0.356192655320126,-0.12549316145917735,0.049444292531935635,0.05594404327744133,-0.10499869425188606,-0.008993804690103423,-0.01786200313412095,0.06267600297310927,0.09616865790603793,0.09486282207579257,0.15313820761150249,-0.021008268805334317,0.1369965903295833,-0.028711500065508797,-0.012714982465252616,-0.019636939571147878,-0.02376328837688826,0.025370892853777166,-0.024918533501078987,-0.01399097090320255,-0.24849502199397427,0.24223749968587954,-0.014969170060213888,0.04044946324499401,-0.08357804658521673,0.07894388496238662,-0.043273441909194944,0.016170927732465375,-0.13068429184794583,-0.0044637306310000655,0.014840876259350861,0.09093804668840966,0.003958770471042167,0.006199264316483128,-0.023914334782525002,0.054475477975797604,0.0773061559334697,0.05796725090731128,-0.04795027196518313,-0.09572342060766262,-0.10358575168958233,-0.005105909000766869,-0.014955129191198936,0.041704803612394974,0.044918604311975266,0.034336988811396726,-0.062095628798417436,0.05233693376775694,0.08444399407245812,-0.03584845551298961,-0.017764728506462303,-0.00860894806309655,-0.05492894893256858,0.0715121465255078,0.05298098440085259,0.09086685306441787,-0.07276853791749359,0.04342900243035503,0.09508365772880255,-0.10049579534981291,0.5132546836815679
parlour_no,0.41271466035134163,0.17633726215675125,0.6050307333953153,0.2768623717914956,0.04484658437328363,0.013052068383255996,0.5580510526913843,1.0,0.1300056652972311,0.4863708229485445,0.026998185060034863,-0.1916206590404331,0.43708046659437866,-0.028792032205041156,-0.10099099812112368,0.21917890884032912,-0.08461642770451115,0.060356178655514084,0.032214612598729396,-0.09642163977245304,-0.013799563683565875,0.003640871391645372,0.058465549530406634,0.06349263069110558,0.054210307086850935,0.14700841614737126,-0.03539594753487131,0.13292103047805606,-0.016702430492170364,-0.03247516535894159,-0.026952356019956835,-0.022613025830140864,0.024572606484813426,-0.029582290353538987,-0.023071098172667216,-0.40742328465407995,0.4009444779260353,-0.01975978193165469,0.039586414673425885,-0.14400232459458837,0.13382689185665164,-0.08414885395943968,0.012549823760163293,-0.07050602835545597,-0.01919573524942592,0.018708490139252645,0.050555893628855736,-0.0069176764276484715,-0.0021107726200123482,-0.01409460632744925,0.060438737198331705,0.08191691444411132,0.03805195887541312,-0.058016398247219735,-0.14003885577851583,-0.14616905599173216,-0.0028459043651055537,-0.01584026267572269,0.023856315649135585,0.03045898496682475,0.0398904051864127,-0.0946367498829133,0.07135183123836197,0.05229074911207256,-0.04441746591147659,-0.005118359748647091,0.027144796814103634,-0.03836733503358979,0.09435586588703132,0.08791084456234222,0.08236988339062243,-0.07847112059306607,0.052180489096219,0.11940714556399014,-0.13843123557975046,0.4156683243559683
kitchen_no,0.0907986641981291,-0.02398910906663924,0.12402238008408234,-0.01762349967805139,-0.021651044811613757,-0.004665260500227909,0.1348630650476379,0.1300056652972311,1.0,0.14825130864901082,-0.047982775098452286,-0.09029646867490876,0.08285769951643185,-0.021643584594063743,-0.0024353735614300468,0.05448206052227017,0.014843757337822488,0.011239130999422213,0.002924537933075436,-0.08857591335593362,0.0035823177302280085,-0.01073409439226173,0.06861190036919598,0.03459267614946702,0.010981363413098988,0.06956478717871248,-0.018130964665855294,0.030127817653436504,-0.021110029086372228,-0.017921380480261775,-0.026353836067965576,-0.01345842453896957,0.010792903123553223,-0.012476053028702864,0.0022333904621315175,-0.0062479506036310075,0.004943257005101422,-0.01842200230548452,0.01696119251847807,-0.01896097230121193,0.024681661604850153,0.008072530505252576,-0.01086694309119011,-0.07593401981624381,0.004626056765271417,0.0008440233362285959,0.06355545593212802,0.0029245379330754473,0.0016881655727077904,0.019682334021859565,0.002561180649055478,0.007422694990293228,0.05740043066887503,0.007676747654818443,-0.03369978500938946,-0.017944347085062012,0.003700191783254276,-0.008223084765318989,0.004889950725553226,-0.0007973318146365075,0.0008790492738458758,-0.00668927937808798,0.0172781144878825,0.0001342530411108253,-0.011568517715237453,-0.011426071920131465,-0.012838591140597743,-0.004854539884671588,0.022330372537903456,0.022698004301798594,0.006742398711276794,-0.015871815824542595,0.021275029991388254,0.01519028264079055,-0.020166041201633258,0.08669832030688154
toilet_no,0.5778029457887613,0.11199163231283128,0.7300224291571707,0.16361745104424275,0.09378839274962668,0.010292810424132768,0.6477148245660403,0.4863708229485445,0.14825130864901082,1.0,0.06254320838092073,-0.10008386177242112,0.34058056194704356,-0.040191767954304736,-0.05329534356945086,0.3739263325333701,-0.2505735137967278,0.06626734474455766,0.09778069236179321,-0.05389713470826793,-0.009461214391340947,0.035712072264204704,-0.01799181703689051,0.16912114695530223,0.1384645570417232,0.0642234393439874,-0.0037560401872412975,0.07814542414293482,-0.003846935762062284,-0.016563839927763876,-0.009739544656727168,0.0018122543663848494,0.0206567274688711,-0.019950074149491404,-0.00786372701994985,-0.252254042032163,0.25025682655639814,-0.0128657554730846,0.022474253059293382,-0.12321266840461575,0.1186825496181058,-0.0384272158400307,0.06251591648321801,0.0023207640015749597,-0.004076938633507485,-0.0029717907491351296,-0.061115146743698924,-0.006437318318499959,0.02079333017597452,-0.003481919201027215,0.00415320946764155,0.009127936565910632,-0.002916835440439266,-0.045413145599704385,0.004322674323084155,-0.06552288214643576,-0.008772294082300304,-0.005171474914459268,0.03487878814333045,-0.005237044745004422,0.005020907424081506,-0.022257544245748412,0.01639931743884258,0.0543502215235547,-0.004677354868110228,0.014926689185940163,-0.00853111093614589,-0.0068911215584813515,0.018199131456583396,0.015603949914787644,0.0189496922490576,-0.012537996035454758,0.03977619153823331,0.06900503774981147,-0.0767433449285674,0.4711739274986001
stair,0.08665977152722437,0.6503074327303766,0.04772329859682108,0.5601570398632016,0.13761499089863244,-0.13040402786772728,-0.0521599779481206,0.026998185060034863,-0.047982775098452286,0.06254320838092073,1.0,0.5783458164006953,0.07234803955941574,0.06484590246585545,-0.1402600734660766,-0.01848039349690163,-0.35121519124549266,-0.008964140283369714,0.005380567757970334,0.4862425579017828,0.018580144277298632,0.18089563963286656,-0.5126160352475982,0.013752947472247014,0.027616723727490234,-0.36609644037886385,0.15257229940082825,-0.012607851818311575,0.1253656809268367,0.09834047471435144,0.09006264264551501,0.1187920165319355,0.030094928123587893,-0.0341504666562995,-0.009115596144054485,-0.391031464593821,0.39272282574784384,0.039198462961590665,-0.022072691154065006,-0.15413177831562805,0.12845764159377085,-0.03711857571195746,0.007750851576859155,0.5620794503958009,-0.011735459819355238,-0.0034448861494083315,-0.548315641075007,-0.007419017782366829,-0.006890257590880163,0.036388458402816674,-0.12237352484447013,-0.10386433816386245,-0.28118899871828523,-0.1312497009338651,0.20071846835667684,-0.05242431513244739,-0.03555904405139685,0.028691544680756173,-0.017771434888737943,-0.05729048211189172,-0.00765166600958572,0.011083594689816963,-0.0697414747552729,-0.009662923275979882,0.030944166208951265,0.09433351111000354,0.10701600003106237,0.08490927144917709,-0.039828162518311935,-0.12162460907229125,-0.07846057478353413,0.056125166833290246,0.06528509916199181,0.03410162379397493,-0.0037627456757227612,-0.004300845793755302
unit,-0.17948594411796484,0.2927377711336421,-0.19949001623268606,0.3388892258873732,0.18708397832368814,-0.12034623479306557,-0.23869156094303365,-0.1916206590404331,-0.09029646867490876,-0.10008386177242112,0.5783458164006953,1.0,-0.4550447603315169,0.11057907298594874,-0.071167444949931,-0.017235083036009367,-0.42582538597754244,-0.023736550361482412,-0.002921980002926822,0.4443119261504079,0.019453907733659567,0.15326741685204232,-0.4578357836098401,-0.002900769368467298,0.005557971130558374,-0.43259274129641007,0.16491442717213123,-0.022197429317874474,0.09828551665708998,0.07135753580479576,0.08586033028770076,0.08506906842375127,0.025472404936667394,-0.009474482499347157,0.006989998337032559,-0.21368202689005744,0.2103372185164791,0.016152739194443877,-0.05553187234989776,-0.0901997161562474,0.052299867737999946,-0.008986055708408708,0.07068202353759331,0.6948370351189666,0.006062720581863116,-0.004267955122131963,-0.6726440606916169,-0.004930151797394244,-0.002845889751832377,0.029709194102326225,-0.14774184327941725,-0.13742889238204894,-0.37108311131570343,-0.08745096901900405,0.13059765412445626,-0.036583328707400886,-0.02706581753580553,0.06629120836165943,-0.03425988886848367,-0.055402818426088025,-0.0007226539145229224,0.04218424284747573,-0.042731362529263565,0.00423621865101703,0.02167157621955858,0.05361769769267925,0.2212384447561812,0.032307376501652774,-0.06550455081462637,-0.1339692668346254,-0.11954305910645002,0.043733045243654026,0.014592869257241242,0.0187208032842562,-0.006516782887108899,-0.31798267939504093
proportion,0.370665764454296,0.09261078155501823,0.46038797545987986,0.10088451197869226,-0.036926144343801495,0.003988186988402071,0.41652588665367607,0.43708046659437866,0.08285769951643185,0.34058056194704356,0.07234803955941574,-0.4550447603315169,1.0,-0.06824474818582901,-0.05322743048279068,0.0807110714496898,0.11043225001523126,0.03993658165824503,0.028320950843083618,-0.26447298221461146,-0.01818821207769894,-0.024280854475669324,0.21324087849271217,0.0376080927753967,0.03380656902064742,0.23583623231785214,-0.08322472916185683,0.07852729807583736,-0.04292280555191542,-0.05919254956522483,-0.044741994972411214,-0.04109313050242403,0.011975255581825515,-0.012943279067104388,-0.019151258595916248,-0.17344380991758107,0.15891154026169974,-0.0031627601021162887,0.06662849302634716,-0.07425330891438367,0.06982968899948695,-0.046911334082132446,-0.05921353237488457,-0.24959944617356636,0.0021352641861841384,0.019515353915749278,0.22593583534447287,-0.0013970245300207516,0.004218027928768556,0.01259861184119551,0.05468162018264926,0.08099584271371064,0.14430348337274318,0.025019878867225873,-0.15102733245702027,-0.10930012750559101,0.0023335212551855514,-0.02849974032139225,0.026353294342307636,0.02805127334090436,0.034616501941430726,-0.06688914217174456,0.042905681321712096,0.04056683037997488,-0.0387218520369603,-0.02789565550925893,-0.07758753360361857,-0.056374836212665334,0.08842893937666016,0.10248558122191981,0.10830190836854188,-0.08021593222897952,0.0491093298332506,0.0968549022726987,-0.07823524269889323,0.3710405907175964
mid_floor,-0.029407423679830548,0.02054262020686919,-0.052866466824624384,0.04522968096142499,-0.007933757774989968,-0.01016844629225876,-0.06858288490354378,-0.028792032205041156,-0.021643584594063743,-0.040191767954304736,0.06484590246585545,0.11057907298594874,-0.06824474818582901,1.0,-0.5275656481498107,-0.07756472143445828,-0.037644911529207535,-0.0042571413761617015,0.002657211501007167,0.0509450542147425,0.010429175938804257,0.022757995804506194,-0.05220099048195619,-0.019257139582678592,-0.022789639203887647,-0.08169823764330511,0.04048813924059955,-0.004146225835270211,0.019048107818833333,0.01644756575834256,0.02344819948077778,0.018298177301562846,0.005707697865802966,-0.0039731950921755585,0.011613840103136097,-0.04897966801096733,0.04775091345973489,-0.007455280636396201,-0.010211389215757155,-0.01735335202340529,0.01190236962942208,0.018009594873586023,0.014119631185312216,0.10152973696428018,-0.012473096960935015,-0.004304106178385292,-0.09218821890308967,0.011442673742539693,-0.0010018144882652077,0.009687491260814121,-0.03055945478619962,-0.02167061175821301,-0.0470232982533836,-0.048460626428676684,0.022049070197845275,-0.01866633796680643,-0.016281840875286575,0.005633423728514702,-0.00519173872083583,-0.004516725508951705,-0.023392000707680074,-0.008789498927446265,-0.0009712532277151249,0.007279583353745593,-0.021261229196625837,0.007368040966653353,0.012384358951786337,-0.01186013865919388,-0.019449044313977846,0.007590869487629362,0.0012528228130593735,-0.009561479450506496,0.012079445154481517,0.015904158808812862,0.006760595462511554,-0.042104160981392066
higher_floor,-0.10128403555804927,-0.2094181090373334,-0.09266537180854195,-0.2964265649346345,-0.033522460428258016,0.06745238213892553,-0.017164973733357788,-0.10099099812112368,-0.0024353735614300468,-0.05329534356945086,-0.1402600734660766,-0.071167444949931,-0.05322743048279068,-0.5275656481498107,1.0,0.10510384468252962,0.02408336751703781,-0.01113869095983573,-0.019941485834798933,-0.08007568097804275,-0.0014613183746704827,-0.034957691380730356,0.09995008866792375,-0.02574918644798442,-0.030472577010919516,0.05617617883990047,-0.03387415280614783,-0.03416463846853818,-0.020470989498792926,-0.018687905173541856,-0.005587592175687243,-0.019944073862832614,-0.008610753017350122,0.026754910021127412,-0.004709634479318192,0.2497097167281316,-0.24654884276667965,-0.009968635804109066,-0.045038716042729986,0.07501518497938817,-0.044336980421484415,-0.002480386720962872,0.05321489069404713,-0.07006956082169682,0.0065862027646563705,-0.005755124326919866,0.07955076680171362,-0.0038713493688366796,-0.011511059396499775,-0.03518898332733479,0.06148346194367235,0.009884220573914365,0.03589479346315795,0.09254563574001494,-0.03252228505610247,0.04542278621957271,0.025829999895466926,-0.005000803418892045,0.004566109594258667,-0.0068347335047667926,0.019942759612870273,0.010525904615471749,0.01039251315686815,0.008917466959561445,0.01810767108343003,-0.017302759474248263,0.005940864129418222,0.004831088890821234,0.013313022255022311,-0.005394091268610212,-0.017762090216863074,0.028520336470927804,-0.04104692853445893,-0.06822112243480212,0.007596350550361737,-0.09566393527910375
duplex_config,0.2415023393327994,-0.0479055758813366,0.34730332082379894,-0.017839976475646536,0.06804674496255368,0.029334258412244064,0.356192655320126,0.21917890884032912,0.05448206052227017,0.3739263325333701,-0.01848039349690163,-0.017235083036009367,0.0807110714496898,-0.07756472143445828,0.10510384468252962,1.0,-0.40026780028290604,-0.01072026444381508,-0.0043703573894511355,-0.03595016049168997,-0.005353327302272373,0.0015765092154938797,0.03525171391280493,-0.005643167625399737,-0.006678341484609518,0.03442259712216781,-0.008481620948525939,0.03263566996237181,-0.010830876135240168,-0.011129695288695032,-0.0010948912563900344,-0.01503161362522644,-0.0020674106781622867,-0.0032896270096916024,-0.0033375236475191514,-0.08069811302194045,0.08150251316931403,-0.002184716901747064,-0.006002606561527657,-0.04247487989408417,0.04862835935642334,-0.018976834837048134,0.03419744929071442,-0.037138145999872585,-0.006913065185262874,0.03722605617711185,0.038084939230146164,-0.004370357389451134,0.016722274366255813,-0.017454136555061298,0.028068545366144258,0.015131859218354521,0.017057690697838093,0.009357539235587253,-0.010769594536340778,0.004280779517378302,-0.0013649192142958214,-0.0039893848058954115,0.03182471663395531,0.0025029441032869836,0.029832835339936265,0.007982486138612677,0.014436631423480359,0.0165255569590609,0.012553742706652807,0.03113538283988025,-0.009776586957893359,-0.015593154707764957,-0.013173873435744497,0.009029944762419907,0.001872607884826073,-0.017101153958376827,-0.01135236434876919,0.017949205468476448,-0.03399917112572175,0.21546881186113098
levelling_config,-0.08483302412646487,-0.16839007106335066,-0.18240319779468575,-0.20578310676110664,-0.17689050741355256,0.08559297879347272,-0.12549316145917735,-0.08461642770451115,0.014843757337822488,-0.2505735137967278,-0.35121519124549266,-0.42582538597754244,0.11043225001523126,-0.037644911529207535,0.02408336751703781,-0.40026780028290604,1.0,-0.12664528699804062,-0.05162980528809354,-0.2164018523887848,-0.02493394427774493,-0.061059366572654664,0.25489519269348687,-0.06666632033588704,-0.0788954860602587,0.22729489123886232,-0.09689794464739235,-0.024534906548225804,-0.05435126561804287,-0.01681170063539901,-0.044062483758279966,-0.016702859976025993,-0.033418697067725406,0.005132727712337032,0.001514439309527995,0.1996273184965271,-0.18579776135935597,-0.025809447190536017,0.008883738380664875,0.08714182430010232,-0.03887300025055199,0.01588584046643352,-0.049784502618158505,-0.5770860879572117,-0.00581478946032404,-0.014900391619220462,0.5901481842203408,0.0004938520138756466,-0.002723723402645833,-0.013864551876731976,0.11793117848279866,0.09779060555376953,0.31722743182686347,0.06123798212709595,-0.049878751050821436,0.033689374474205835,0.034477825218073896,-0.047129134391804356,-0.0049186707720011965,0.10185929036875771,-0.06525936499590697,0.0035134975682968106,0.01775300262475222,-0.005820377244101383,-0.010773319068981317,-0.07425725994182265,-0.19812589622127527,-0.0006437537329109193,0.048280269978452084,0.11499861267421722,0.12238732212160178,-0.011810962234117262,-0.03709111001858372,-0.03340142517634962,0.010203779297086673,0.048890429493151
split_level_config,0.050134175492017076,0.00911711769423026,0.048565650788194525,0.02300295830765102,-4.480906308536424e-05,0.017180380429379527,0.049444292531935635,0.060356178655514084,0.011239130999422213,0.06626734474455766,-0.008964140283369714,-0.023736550361482412,0.03993658165824503,-0.0042571413761617015,-0.01113869095983573,-0.01072026444381508,-0.12664528699804062,1.0,-0.0013827871377109242,-0.021228909252894435,-0.001693800181057629,-0.0026415884583725338,0.02256426640111263,-0.0017855060611712153,-0.0021130365055383,0.017025265518880544,-0.00981318682221038,0.004115771736771848,-0.004510688702941749,-0.008300258622250468,-0.0045991677356862146,-0.0018121753650926131,-0.0025577180318964742,-0.006411031074299299,-0.0010559971096952222,-0.041120761419844755,0.04374751632396157,-0.0006912474569167708,-0.007275892969983643,0.009975972457481096,-0.0050662092999898154,-0.006004296854640086,0.012875765198110865,-0.014835743423245906,-0.0021873034098795385,-0.00039907316641895604,0.015619446659505843,-0.0013827871377109268,-0.0007982025515435615,-0.023691040701767894,0.02686761017415146,-0.0020033748106667803,0.012374407604429254,0.04304971951468665,-0.009667225655589692,-0.01360504229181409,-0.0008027480606538696,-0.0012622468840390018,0.003772462815999351,0.006803257929044047,-0.0034949698054478158,-0.0010683556692977117,-0.008169480110868581,0.0002807214159183375,-0.007912385198788185,-0.0065868601374870234,-0.01609360061796673,-0.012862320630747943,0.017437311565306746,0.03528386623914553,0.0006563845071517877,0.020381930569732507,-0.010059311419349296,0.0031127612743903762,-0.009302579702071987,0.05979149378740667
diepin,0.051200947801940705,-0.019937067739756408,0.07249930355300413,0.011826736995674162,0.010278297000199136,-0.01224946047513659,0.05594404327744133,0.032214612598729396,0.002924537933075436,0.09778069236179321,0.005380567757970334,-0.002921980002926822,0.028320950843083618,0.002657211501007167,-0.019941485834798933,-0.0043703573894511355,-0.05162980528809354,-0.0013827871377109242,1.0,-0.008654443265800293,-0.0006905158148229863,-0.0034162154960663514,-0.05573999117034274,-0.0007279017835097649,-0.0008614269502919882,0.008027555609735913,-0.004000566755352241,-0.009022823886820647,-0.0018388839013937337,-0.003383787479704957,-0.0018749543730311462,-0.0032171408163467795,-0.0010427113957324251,-0.0026136012946704453,-0.0004305010194275672,-0.01879661150315496,0.019845132131321847,-0.00028180260357461487,0.0008021871753272113,-0.017177834011691286,0.017783929604096693,-0.0024477869239759144,0.006537520731724193,-0.007231286114772745,-0.0008917035275052044,-0.0001626911696937631,-0.07502347303001321,-0.0005637243387983282,-0.00032540525820981124,0.013017046738180176,-0.008662588568007215,-0.008071648675981846,0.0050447061261905774,-0.011316756223192967,-0.005680549465025925,-0.012075241379542048,-0.005124419609993536,-0.00051458338792698,-0.005001571424203549,0.0005168330933056217,-0.007296650928943792,-0.005993688336115109,-0.003330472672351595,-0.003954854619725669,-0.0032256621376218113,-0.0026852819747143057,0.008852826141089114,0.0012024801503504056,-0.003707568975397137,-0.008830128619663416,-0.008822359116602953,-0.007596818251161295,0.05488422160422644,0.02457582267922984,-0.006412486727072764,0.03707598951133495
talou,0.0026299537476637013,0.4982255042908747,-0.03816665994008717,0.4003612462920385,0.12069269548059064,-0.010184684040928324,-0.10499869425188606,-0.09642163977245304,-0.08857591335593362,-0.05389713470826793,0.4862425579017828,0.4443119261504079,-0.26447298221461146,0.0509450542147425,-0.08007568097804275,-0.03595016049168997,-0.2164018523887848,-0.021228909252894435,-0.008654443265800293,1.0,-0.010600979117315145,-0.05244663244002919,-0.8557349009415813,-0.01117493827193751,-0.013224851502465529,-0.37306622073767826,0.15054536368628774,-0.038126304446740526,0.09117610635269935,0.14653724417098968,0.11252410362901802,0.15459117899036665,0.0006372368615311263,-0.028049866029310068,-0.0066091640755606635,-0.28527226666296035,0.29636442140165054,0.02026563739566912,-0.06670558185010737,-0.03403576562791209,0.0309950764600695,-0.014692283637996094,0.0707191278959223,0.38321242678539724,-0.0059080752481547654,-0.0024976773239252905,-0.36501910441426516,-0.0025051575999916345,-0.004995706503595577,-0.027033606031361068,-0.05793089541900309,-0.08237873283294717,-0.23263032993729943,-0.10461009242290033,0.216381708570349,0.02587627854161119,-0.019942297955035455,0.03251531255805333,-0.005889207388909571,-0.03184196425107028,-0.01536379729240431,0.06723440728229266,-0.05113028621862772,-0.022001763256438923,0.068618109618873,0.08683170178506976,0.04478052318959191,0.09423932016396955,-0.05500508903364494,-0.09983253457405301,-0.07019260653373817,0.026150196141696214,-0.017716662247307263,-0.008688638613309839,0.029665684226130282,-0.03301845749879479
pingfang,-0.012355532245820342,0.0019283118691332572,-0.010863564619276789,0.013941340946746466,0.00580817032645235,-0.018872613097028673,-0.008993804690103423,-0.013799563683565875,0.0035823177302280085,-0.009461214391340947,0.018580144277298632,0.019453907733659567,-0.01818821207769894,0.010429175938804257,-0.0014613183746704827,-0.005353327302272373,-0.02493394427774493,-0.001693800181057629,-0.0006905158148229863,-0.010600979117315145,1.0,-0.004184582187644599,-0.06827689133178445,-0.0008916196420094066,-0.001055176957161943,-0.006142120690622721,-0.004900364278601931,-0.0016897233594420893,-0.0022524810942924803,0.007422406844136447,-0.0022966644466856883,-0.003940732126158434,0.03558433342753084,0.04136561170331999,0.08861206968266563,-0.01638424476999149,-0.0019597384408153898,-0.00034518494418985635,0.010214495267349745,-0.012909216122787663,-0.0009089730589444855,-0.0029983370700745055,-0.00461778999916326,0.03751905811170341,-0.001092263266809337,-0.0001992832628888553,-0.04134678452109883,0.06739881909219059,-0.0003985945994444971,0.01594480851077645,-0.030942092905540942,-0.013118626762846612,-0.017663758327672925,-0.013862092882611518,0.007956892691300179,-0.010792529842382735,-0.0062769913217380026,-0.0006303222035192123,0.0018838367556639878,0.006161542991885386,-0.008937795505545906,-0.007341773807442809,0.019410693620695564,-0.00484437068313857,-0.0039511700418179444,0.01117950628350785,0.03601807020673893,-0.0016854348749375833,-0.004541466166807959,-0.010816179183953934,-0.0058580231689648946,-0.009305475715213783,0.0238774954748723,-0.007961912201819544,-0.001436002384145509,-0.02111081206073166
bantajiehe,0.05703808284687197,0.17967487806313923,0.009247782863413462,0.10877479015747758,0.026589810172117253,-0.026044152068977557,-0.01786200313412095,0.003640871391645372,-0.01073409439226173,0.035712072264204704,0.18089563963286656,0.15326741685204232,-0.024280854475669324,0.022757995804506194,-0.034957691380730356,0.0015765092154938797,-0.061059366572654664,-0.0026415884583725338,-0.0034162154960663514,-0.05244663244002919,-0.004184582187644599,1.0,-0.33778889517639227,-0.004411144208783332,-0.005220317615857756,-0.11271505913229729,0.04080636064392227,-0.011447594519730547,0.053748905089278376,0.048643490118735,0.04380903103869963,0.05810257013183906,0.016476916347239377,0.023971754291205655,-0.0026088713089376667,-0.07900524329479,0.06543683172604088,-0.0017077467742755428,-0.024318809805042384,-0.04307930861867982,0.04963272893382568,0.0047560466514836065,0.010988722686244878,0.10196887448605166,-0.0054037961445020394,-0.0009859217648217132,-0.09803594641926712,0.024655533674735275,-0.00197198241957677,0.005406171884178631,-0.02201568612514174,-0.02226911970900736,-0.0644519404688745,-0.02741904513603931,0.14214441926357588,-0.05174574460235998,-0.011673608492887694,-0.003118417323619218,-0.0005874991227007978,-0.02193987190906545,-0.03235700794400257,-0.015270467342060312,-0.020182936178995612,-0.019856696385422014,-0.009560535417604267,0.02846561589979453,0.014728618338650865,0.009891385296016093,-0.0028039050770845733,-0.03720044680770653,-0.00755935532344215,0.043469041057679805,0.04862497655566592,-0.018465634343961052,0.0074503530883232435,0.03734000300522018
banlou,-0.04867705364968128,-0.5047047765880125,-0.031955603960941985,-0.41847600503801563,-0.13080763887061206,0.045919885919628485,0.06267600297310927,0.058465549530406634,0.06861190036919598,-0.01799181703689051,-0.5126160352475982,-0.4578357836098401,0.21324087849271217,-0.05220099048195619,0.09995008866792375,0.03525171391280493,0.25489519269348687,0.02256426640111263,-0.05573999117034274,-0.8557349009415813,-0.06827689133178445,-0.33778889517639227,1.0,-0.07197354485740307,-0.0851762595624743,0.3791575707910072,-0.15474508453607205,0.03376961433940391,-0.10232660943873896,-0.14905763151869458,-0.11570074174917493,-0.15759758787673184,-0.013973499396371858,0.015758789074934682,0.0005390207443709803,0.3163479550777006,-0.26975654737325677,-0.016890849597389786,0.034013702764482553,0.06660788066914974,-0.04683976465599904,0.010724111342050318,-0.0506336537923098,-0.40430918409216876,-0.0013636965304223982,0.0029187512641789684,0.42517700843805284,-0.017325476232653608,0.005837913702127538,-0.006562213723239501,0.09614701036394115,0.090461562064703,0.23746247169055493,0.11920772590837507,-0.23550934584678504,0.011021602726678343,0.026893624750874923,-0.032847163334308725,0.007092425149148924,0.03209218739637661,0.02887874307921818,-0.04337014226525952,-0.003673414871941607,0.015511793266411597,-0.05244195383504463,-0.08593055622835644,-0.051711793869618716,-0.07880548968440822,0.05711849639832923,0.11855848704431791,0.06654269245373201,-0.03150852361970887,-0.032023412689540114,0.0010529680075034662,-0.026188912110478756,0.014382052767485281
dudong,0.19420561477835085,-0.0355038821071974,0.22429080596672882,0.013546219515503046,0.053692626210452093,-0.005773929203583053,0.09616865790603793,0.06349263069110558,0.03459267614946702,0.16912114695530223,0.013752947472247014,-0.002900769368467298,0.0376080927753967,-0.019257139582678592,-0.02574918644798442,-0.005643167625399737,-0.06666632033588704,-0.0017855060611712153,-0.0007279017835097649,-0.01117493827193751,-0.0008916196420094066,-0.004411144208783332,-0.07197354485740307,1.0,-0.001112306441864019,0.005313433987958626,0.00419008705650852,0.007298636255953686,-0.0023744351261206615,-0.004369271950800774,-0.0024210106575104943,-0.004154091595570871,-0.001346387644460249,-0.0033747789705681963,-0.0005558788902251113,-0.02427088222987215,0.02562477097080577,-0.000363873978152012,0.03801633287045049,-0.018065852531406253,-0.0006164516656809903,-0.0031606733025082057,0.008441489346544824,-0.009337304951623843,-0.0011514006817882026,-0.00021007287503998947,-0.09687309215715843,-0.0007279017835097649,-0.00042017534371372145,0.000704587262005195,-0.0030023641528795796,-0.009400466968417596,-0.0010262951154095324,-0.014612615548881627,-0.014073206990973131,-0.011798373930735202,-0.006616840744392937,-0.0006644491643468824,0.001141426990761802,0.011157371987501073,-0.003962704108761117,-0.007739272778180793,-0.0043004298932754195,-0.005106655031706923,-0.004165094641788796,-0.003467335724385747,-0.0025008621361203376,-0.008435437497142331,-0.0047873506321012655,-0.011401789719732294,-0.006696845647461087,-0.009809293609368417,0.0038444134018919157,0.08790989540272037,-0.008280040800294044,0.09437629974031232
